.Random.seed <-
c(403L, 484L, -1811092267L, 608868251L, 1724704742L, -1389575968L, 
-1048096209L, 1009578017L, -1958507460L, 1638028956L, 825977861L, 
-496704722L, -2042908655L, 1600197947L, -1322992826L, 1564844975L, 
1010929819L, 1668709050L, -1025323787L, 637974969L, -2049561605L, 
1963564707L, 1501122514L, 86361610L, 1492920046L, 1316251611L, 
-1432832855L, 1112257358L, -1216522625L, -240088690L, 1662145271L, 
-518027863L, 1272687896L, -384577155L, 1959613705L, 500855704L, 
-148259444L, 1395908777L, -799363775L, -1649869986L, 80479049L, 
590699856L, -241524670L, 431511097L, -1336763421L, 531299512L, 
-1147516133L, 753455180L, 2005375514L, -571976032L, -1539355446L, 
-1745933158L, 149672879L, -1482131819L, -478312466L, 1649246627L, 
-1005366305L, 1659000004L, 1295353970L, 606975073L, -372044863L, 
174946626L, -1222872670L, 1863477898L, 1331138220L, -840114035L, 
889226170L, 374351575L, -1289260440L, -1431067005L, 1170507410L, 
1975240729L, 245551779L, 41821232L, -171173906L, -704862653L, 
416406907L, -1554291689L, 1531959157L, -558929833L, 2141815476L, 
-2104725624L, -1010126251L, -765945348L, 106245406L, -503208417L, 
-325143516L, 2030654722L, 1776039127L, 781823924L, 1430677650L, 
415259009L, 2005271721L, -1160178049L, 650782886L, -503910279L, 
-1889104690L, 189173406L, 105480751L, 2104297768L, 72774386L, 
1754994613L, -1531701789L, 364796872L, 1764296930L, -1947973749L, 
1168881825L, -1828286512L, 454760228L, -2096360352L, -575114443L, 
-366535728L, 21823411L, -424262075L, 1093538458L, 2076242861L, 
2097826606L, -2029911745L, 1607227665L, -692736776L, -2032804691L, 
1113660027L, -851243303L, 1057245097L, 1917973800L, -1311323890L, 
-1033318237L, 376407265L, -654497849L, -936446333L, 103323023L, 
-1615530153L, 1664667458L, -354326644L, -477510695L, -652096414L, 
-1969091362L, 697446667L, 447231322L, 1336567084L, -1903840690L, 
2132835647L, -295480710L, -708450443L, -782115699L, 150556937L, 
-1879405150L, -1545318704L, -1988794113L, 1972334263L, -428952440L, 
-964414912L, -187126537L, 867602346L, -1137347200L, 862362325L, 
452713814L, -1571018826L, -1485096960L, -1066378565L, -1308909916L, 
1372641842L, 402241578L, -1524385924L, 1914483359L, -936946832L, 
947340094L, 787021279L, -58822166L, 1250443384L, 994572155L, 
-657401168L, 1121429957L, -695200954L, 431444117L, -1829201339L, 
-1760261334L, 1625442189L, -859125092L, -1979341531L, 46411934L, 
-1250987335L, -2023362215L, 1463266438L, 665563431L, -1086289863L, 
-1352895526L, 1890321016L, 807364163L, 1615667019L, -1310667143L, 
-1028475958L, 1951700105L, 1856093120L, 1727741658L, -791971973L, 
-476296487L, 64479797L, -2096292512L, -286170341L, 1645253356L, 
2143864713L, -919728432L, 269308864L, 1529412715L, 44941017L, 
1951221325L, 893347336L, -1146912897L, -1668918673L, -1385983017L, 
-480313140L, -73852054L, 880631424L, 507049673L, 140975869L, 
260724868L, 1592087285L, 437719169L, -1928245000L, 1225283310L, 
-376475762L, -224475401L, -1852889223L, 1598007897L, 1711673631L, 
-772682139L, 61350590L, -2099857169L, 1147347580L, -135856140L, 
-1671967765L, -1651077936L, 569788856L, -1346508520L, 1726534033L, 
-984134742L, 1634454259L, 337088091L, -171547188L, 1892798356L, 
-1383107067L, -2082675950L, 1412276086L, -627046035L, -1681969308L, 
41434795L, -175133131L, -787858218L, -1846528576L, 1825256209L, 
1961939873L, -98322468L, -249816304L, -520512571L, -222831237L, 
778629573L, 992322982L, -1261423051L, -1971223209L, 234761852L, 
482735375L, 1958282044L, 1256033354L, -1909144747L, -1699849394L, 
-1224924695L, 1002496447L, 1017641820L, -2054153609L, -548036579L, 
-1153373024L, -334146118L, 1872474003L, -1217672613L, -2132732365L, 
-1219467649L, 334278410L, -1576450402L, -342229585L, 607437602L, 
-1768726863L, 948615987L, 371999712L, -1077419488L, -724486215L, 
-281335847L, -1567632090L, -1371376106L, -1277745239L, -823702371L, 
-1015275579L, 1197331903L, -1404260384L, 1038848704L, 424826048L, 
-347477809L, -1847097612L, 1003540664L, 1911172267L, 1301269085L, 
-1816614091L, 1882439515L, 1517980761L, -1969997165L, -443958098L, 
-587758254L, -2111717821L, -358963287L, -289829710L, -2090126426L, 
1255079465L, 1244574862L, 33517154L, 1783805174L, 514346784L, 
-375546582L, 798597369L, -241070442L, 1002970484L, -1588866085L, 
-871223609L, -512303047L, -1539339680L, 1745128424L, 1016921845L, 
-2010873898L, -1659570120L, -1318520429L, -174860068L, 76301901L, 
-137752511L, -98462871L, -1389846830L, -164480780L, -449149245L, 
1896694722L, -98240771L, 975346284L, -1916752089L, 169670173L, 
805179780L, -2123659937L, 1620608459L, 1153532587L, -2142659137L, 
-1023135177L, 102175288L, -1949546462L, -709609282L, -1379017292L, 
-475322308L, -1645403049L, 1735870574L, 895064784L, -1804382081L, 
1449978129L, -1754431321L, -1269968894L, 990695357L, -451295191L, 
-822106924L, -1341591969L, 1355875085L, -745477097L, 1744289453L, 
-1731170045L, -60870908L, -1423596920L, -113309585L, 1822213868L, 
1782660568L, 1473507533L, 1291418595L, 785218706L, -2054285007L, 
-1279095940L, -305597980L, 1203189433L, 1444326256L, 236927074L, 
-874866046L, -1683393090L, 2038131625L, -124443595L, -346222373L, 
-119313614L, 195032163L, -1718785069L, 2014988092L, 1695452799L, 
1913238480L, 571702065L, 1432403337L, 670575389L, -1670229931L, 
-1643159957L, -2076175624L, -1437500768L, 1875929098L, -544824653L, 
1672568481L, 755352983L, -1811084595L, 573906841L, -794566949L, 
-1398958978L, 711140833L, 41887167L, 1616687604L, -15807313L, 
1857143799L, 656788693L, -784672824L, 673714637L, -901925849L, 
473019688L, 351569606L, -862152137L, 1923911535L, 784960460L, 
-1293224655L, -1329629474L, -1513217188L, -197311392L, 417128519L, 
-2013285315L, -1869403575L, 825164594L, -1201864896L, -420898280L, 
-1616651090L, -117617066L, -1958506914L, -1500663075L, -1002728545L, 
849310968L, 1516545844L, -1639445791L, 306441469L, 778747054L, 
372234527L, 1666074110L, -830551950L, -1287552312L, 1223355185L, 
-740658119L, -824768486L, -1837799503L, 1762116833L, -203812913L, 
1280696655L, -759308032L, -182831477L, 531626255L, 1251120505L, 
533306146L, -67342877L, -1463472593L, -1330465650L, 1119292802L, 
2101194852L, -376055943L, 839395698L, 739822244L, 917346382L, 
99524752L, -646593670L, -1463128513L, 1148944223L, 1165525487L, 
1389346426L, 184681024L, 1836816051L, 1984556617L, -912578794L, 
-1123016212L, -1174331789L, 1707183770L, 1390720871L, -495424211L, 
-1405370279L, -411855731L, 764781426L, 1120659641L, -734565844L, 
83060843L, 766934507L, 1934406543L, 1910812555L, -1361464041L, 
1944947150L, 1292999829L, 1172937890L, -2105204170L, -1152678980L, 
874745175L, 1327490936L, 32786236L, -365118815L, 882563729L, 
-2136069219L, 2033673822L, 707532361L, -2058446778L, 2062644478L, 
285085481L, -520424980L, -1741010006L, 1511468017L, 1562555061L, 
434335299L, -289357311L, 827812091L, 347833361L, -1693767973L, 
163394833L, 1756623205L, 1919006059L, 988645880L, 1176647742L, 
1321211546L, -1214943773L, 1030875052L, -1191407886L, 1947824673L, 
-1106215766L, -192072243L, 1326449840L, 1083643508L, 2036826044L, 
-1951246930L, 1745370228L, 7702681L, -1480679753L, 1940557539L, 
403997613L, -1717661433L, -111667038L, -1960626428L, -439195311L, 
31786960L, 430790943L, -1158317151L, 911596400L, 1436385302L, 
88796071L, -286810505L, -637005400L, -657198955L, -226275868L, 
-1917715635L, -898495576L, 300659581L, -919993514L, -1485318449L, 
513430701L, 804014714L, 1281300019L, 1940137033L, -1676601401L, 
-2072145771L, 1987989457L, -386180590L, -1901929548L, -1889190387L, 
-1911189170L, -150174425L, 359341390L, 1567019960L, -1370948809L, 
-1297545714L, -1797317378L, 1486437293L, 861396673L, 231168403L, 
-922245272L, -282305857L, 2140179834L, -270762822L, 812819002L, 
337712611L, 1064021894L, -356748884L, 767532542L, -161770514L, 
418003732L, 1198329061L, -626732146L, 198658853L, 1174951198L, 
165045680L, -1912483177L, -979334790L, -1578199807L, -1216670408L, 
-629714996L, -1969983687L, 794571482L, 1212021474L, -1812483557L, 
